10101001101001011001001010101010
10101010100101010101010101010010
10101010101010101010101010101001
10100101100100101010101010101010
10010101010101010101001010101010
10101010101010101010101010101010
10101010101010011010010110010010
10101010101010101001010101010101
01010010101010101010101010101010
10101010101010101010101010101001
10100101100100101010101010101010
10010101010101010101001010101010
10101010101010101010101010101010
10101010101010011010010110010010
10101010101010101001010101010101
01010010101010101010101010101010
10101010101010101010101010101001
10100101100100101010101010101010
10010101010101010101001010101010
10101010101010101010101010101010
10101010101010011010010110010010
10101010101010101001010101010101
01010010101010101010101010101010
10101010101010101010101010101001
10100101100100101010101010101010
10010101010101010101001010101010
